# x y z dalpha_deg dbeta_deg (offsets relative to geometric ideal)
0.100 -0.100 0.350 -20.00 9.30
0.100 -0.100 0.400 -20.00 -0.54
0.100 -0.100 0.450 -20.00 -0.36
0.100 -0.050 0.250 -20.00 -6.01
0.100 -0.050 0.300 -10.00 9.79
0.100 -0.050 0.350 -10.00 4.83
0.100 -0.050 0.400 -10.00 -0.13
0.100 -0.050 0.450 -10.00 -0.09
0.100 -0.000 0.250 0.00 0.00
0.100 -0.000 0.300 0.00 0.00
0.100 -0.000 0.350 0.00 0.00
0.100 -0.000 0.400 0.00 0.00
0.100 -0.000 0.450 0.00 0.00
0.100 0.050 0.250 20.00 -1.01
0.100 0.050 0.300 10.00 -0.21
0.100 0.050 0.350 10.00 -0.17
0.100 0.050 0.400 10.00 -0.13
0.100 0.050 0.450 0.00 -20.00
0.100 0.100 0.300 20.00 4.14
0.100 0.100 0.350 20.00 -0.70
0.100 0.100 0.400 20.00 -0.54
0.100 0.100 0.450 20.00 -0.36
0.100 0.150 0.450 20.00 -10.36
0.150 -0.200 0.350 -20.00 9.28
0.150 -0.200 0.400 -20.00 4.45
0.150 -0.200 0.450 -20.00 -0.37
0.150 -0.150 0.350 -10.00 9.82
0.150 -0.150 0.400 -10.00 4.87
0.150 -0.150 0.450 -10.00 -0.09
0.150 -0.100 0.250 -20.00 3.95
0.150 -0.100 0.300 0.00 15.00
0.150 -0.100 0.350 0.00 10.00
0.150 -0.100 0.400 0.00 5.00
0.150 -0.100 0.450 0.00 0.00
0.150 -0.050 0.200 0.00 20.00
0.150 -0.050 0.250 -10.00 -0.25
0.150 -0.050 0.300 0.00 20.00
0.150 -0.050 0.350 0.00 10.00
0.150 -0.050 0.400 0.00 0.00
0.150 -0.050 0.450 0.00 0.00
0.150 -0.000 0.200 0.00 15.00
0.150 -0.000 0.250 0.00 0.00
0.150 -0.000 0.300 0.00 0.00
0.150 -0.000 0.350 0.00 0.00
0.150 -0.000 0.400 0.00 0.00
0.150 -0.000 0.450 0.00 0.00
0.150 0.050 0.200 0.00 20.00
0.150 0.050 0.250 0.00 5.00
0.150 0.050 0.300 0.00 0.00
0.150 0.050 0.350 0.00 0.00
0.150 0.050 0.400 0.00 0.00
0.150 0.050 0.450 0.00 0.00
0.150 0.100 0.250 0.00 20.00
0.150 0.100 0.300 0.00 15.00
0.150 0.100 0.350 0.00 5.00
0.150 0.100 0.400 0.00 0.00
0.150 0.100 0.450 0.00 0.00
0.150 0.150 0.300 20.00 -0.89
0.150 0.150 0.350 10.00 4.82
0.150 0.150 0.400 10.00 -0.13
0.150 0.150 0.450 10.00 -0.09
0.150 0.200 0.350 20.00 4.28
0.150 0.200 0.400 20.00 -0.55
0.150 0.200 0.450 20.00 -0.37
0.150 0.250 0.400 20.00 9.45
0.150 0.250 0.450 20.00 4.63
0.200 -0.250 0.400 -20.00 4.43
0.200 -0.250 0.450 -20.00 -0.39
0.200 -0.200 0.400 -10.00 4.86
0.200 -0.200 0.450 -10.00 -0.09
0.200 -0.150 0.250 -20.00 8.92
0.200 -0.150 0.300 0.00 20.00
0.200 -0.150 0.350 0.00 10.00
0.200 -0.150 0.400 0.00 5.00
0.200 -0.150 0.450 0.00 0.00
0.200 -0.100 0.250 -10.00 4.74
0.200 -0.100 0.300 -10.00 -5.23
0.200 -0.100 0.350 0.00 15.00
0.200 -0.100 0.400 0.00 5.00
0.200 -0.100 0.450 0.00 0.00
0.200 -0.050 0.200 0.00 20.00
0.200 -0.050 0.250 0.00 5.00
0.200 -0.050 0.300 0.00 0.00
0.200 -0.050 0.350 0.00 -15.00
0.200 -0.050 0.400 0.00 5.00
0.200 -0.050 0.450 0.00 0.00
0.200 -0.000 0.200 0.00 15.00
0.200 -0.000 0.250 0.00 0.00
0.200 -0.000 0.300 0.00 0.00
0.200 -0.000 0.350 0.00 0.00
0.200 -0.000 0.400 0.00 0.00
0.200 -0.000 0.450 0.00 0.00
0.200 0.050 0.200 0.00 20.00
0.200 0.050 0.250 0.00 5.00
0.200 0.050 0.300 0.00 0.00
0.200 0.050 0.350 0.00 0.00
0.200 0.050 0.400 0.00 0.00
0.200 0.050 0.450 0.00 0.00
0.200 0.100 0.250 0.00 15.00
0.200 0.100 0.300 0.00 0.00
0.200 0.100 0.350 0.00 -0.00
0.200 0.100 0.400 0.00 0.00
0.200 0.100 0.450 0.00 -0.00
0.200 0.150 0.250 20.00 8.92
0.200 0.150 0.300 0.00 15.00
0.200 0.150 0.350 0.00 5.00
0.200 0.150 0.400 0.00 0.00
0.200 0.150 0.450 0.00 0.00
0.200 0.200 0.300 20.00 4.08
0.200 0.200 0.350 10.00 4.82
0.200 0.200 0.400 10.00 -0.14
0.200 0.200 0.450 10.00 -0.09
0.200 0.250 0.300 20.00 9.09
0.200 0.250 0.350 20.00 -0.75
0.200 0.250 0.400 20.00 -0.57
0.200 0.250 0.450 20.00 -0.39
0.250 -0.250 0.400 -10.00 4.85
0.250 -0.250 0.450 -10.00 -0.10
0.250 -0.200 0.250 -20.00 8.88
0.250 -0.200 0.300 0.00 20.00
0.250 -0.200 0.350 0.00 10.00
0.250 -0.200 0.400 0.00 5.00
0.250 -0.200 0.450 0.00 0.00
0.250 -0.150 0.250 -10.00 9.73
0.250 -0.150 0.300 -20.00 -0.98
0.250 -0.150 0.350 0.00 15.00
0.250 -0.150 0.400 0.00 10.00
0.250 -0.150 0.450 0.00 0.00
0.250 -0.100 0.200 0.00 20.00
0.250 -0.100 0.250 0.00 10.00
0.250 -0.100 0.300 -10.00 -0.24
0.250 -0.100 0.350 0.00 20.00
0.250 -0.100 0.400 0.00 10.00
0.250 -0.100 0.450 0.00 0.00
0.250 -0.050 0.200 0.00 20.00
0.250 -0.050 0.250 0.00 5.00
0.250 -0.050 0.300 0.00 0.00
0.250 -0.050 0.350 0.00 -5.00
0.250 -0.050 0.400 0.00 10.00
0.250 -0.050 0.450 0.00 -0.00
0.250 -0.000 0.200 0.00 20.00
0.250 -0.000 0.250 0.00 5.00
0.250 -0.000 0.300 0.00 0.00
0.250 -0.000 0.350 0.00 0.00
0.250 -0.000 0.400 0.00 0.00
0.250 -0.000 0.450 0.00 0.00
0.250 0.050 0.200 0.00 20.00
0.250 0.050 0.250 0.00 5.00
0.250 0.050 0.300 0.00 0.00
0.250 0.050 0.350 0.00 0.00
0.250 0.050 0.400 0.00 0.00
0.250 0.050 0.450 0.00 0.00
0.250 0.100 0.250 0.00 10.00
0.250 0.100 0.300 0.00 0.00
0.250 0.100 0.350 0.00 0.00
0.250 0.100 0.400 0.00 0.00
0.250 0.100 0.450 0.00 0.00
0.250 0.150 0.250 0.00 15.00
0.250 0.150 0.300 0.00 5.00
0.250 0.150 0.350 0.00 0.00
0.250 0.150 0.400 0.00 0.00
0.250 0.150 0.450 0.00 0.00
0.250 0.200 0.250 20.00 8.88
0.250 0.200 0.300 0.00 20.00
0.250 0.200 0.350 0.00 10.00
0.250 0.200 0.400 0.00 0.00
0.250 0.200 0.450 0.00 0.00
0.250 0.250 0.300 20.00 9.04
0.250 0.250 0.350 10.00 4.81
0.250 0.250 0.400 10.00 -0.15
0.250 0.250 0.450 10.00 -0.10
0.250 0.300 0.300 20.00 9.06
0.250 0.300 0.350 20.00 -0.78
0.250 0.300 0.400 20.00 -0.59
0.250 0.300 0.450 20.00 -0.40
0.300 -0.300 0.350 -10.00 9.80
0.300 -0.300 0.400 -10.00 4.85
0.300 -0.300 0.450 -10.00 -0.10
0.300 -0.250 0.350 0.00 15.00
0.300 -0.250 0.400 0.00 5.00
0.300 -0.250 0.450 0.00 0.00
0.300 -0.200 0.350 0.00 15.00
0.300 -0.200 0.400 0.00 5.00
0.300 -0.200 0.450 0.00 -0.00
0.300 -0.150 0.200 0.00 20.00
0.300 -0.150 0.250 -10.00 9.71
0.300 -0.150 0.300 -10.00 -5.25
0.300 -0.150 0.350 0.00 20.00
0.300 -0.150 0.400 0.00 10.00
0.300 -0.150 0.450 0.00 0.00
0.300 -0.100 0.200 0.00 20.00
0.300 -0.100 0.250 0.00 10.00
0.300 -0.100 0.300 0.00 0.00
0.300 -0.100 0.350 -10.00 -0.21
0.300 -0.100 0.400 0.00 10.00
0.300 -0.100 0.450 0.00 0.00
0.300 -0.050 0.200 0.00 20.00
0.300 -0.050 0.250 0.00 5.00
0.300 -0.050 0.300 0.00 0.00
0.300 -0.050 0.350 0.00 0.00
0.300 -0.050 0.400 0.00 -10.00
0.300 -0.050 0.450 0.00 5.00
0.300 -0.000 0.200 0.00 15.00
0.300 -0.000 0.250 0.00 5.00
0.300 -0.000 0.300 0.00 0.00
0.300 -0.000 0.350 0.00 0.00
0.300 -0.000 0.400 0.00 0.00
0.300 -0.000 0.450 0.00 0.00
0.300 -0.000 0.500 0.00 -15.00
0.300 0.050 0.200 0.00 20.00
0.300 0.050 0.250 0.00 5.00
0.300 0.050 0.300 0.00 0.00
0.300 0.050 0.350 0.00 0.00
0.300 0.050 0.400 0.00 0.00
0.300 0.050 0.450 0.00 0.00
0.300 0.050 0.500 0.00 -20.00
0.300 0.100 0.200 0.00 20.00
0.300 0.100 0.250 0.00 10.00
0.300 0.100 0.300 0.00 0.00
0.300 0.100 0.350 0.00 0.00
0.300 0.100 0.400 0.00 0.00
0.300 0.100 0.450 0.00 0.00
0.300 0.100 0.500 0.00 -15.00
0.300 0.150 0.250 0.00 15.00
0.300 0.150 0.300 0.00 0.00
0.300 0.150 0.350 0.00 0.00
0.300 0.150 0.400 0.00 0.00
0.300 0.150 0.450 0.00 0.00
0.300 0.150 0.500 0.00 -15.00
0.300 0.200 0.300 10.00 9.75
0.300 0.200 0.350 0.00 0.00
0.300 0.200 0.400 0.00 0.00
0.300 0.200 0.450 0.00 0.00
0.300 0.200 0.500 0.00 -15.00
0.300 0.250 0.300 20.00 9.00
0.300 0.250 0.350 0.00 15.00
0.300 0.250 0.400 0.00 10.00
0.300 0.250 0.450 0.00 0.00
0.300 0.250 0.500 0.00 -15.00
0.300 0.300 0.350 10.00 4.80
0.300 0.300 0.400 10.00 -0.15
0.300 0.300 0.450 10.00 -0.10
0.300 0.300 0.500 0.00 -20.00
0.350 -0.300 0.350 -10.00 9.79
0.350 -0.300 0.400 -10.00 4.84
0.350 -0.300 0.450 0.00 -5.00
0.350 -0.300 0.500 -20.00 -5.23
0.350 -0.250 0.350 0.00 10.00
0.350 -0.250 0.400 0.00 5.00
0.350 -0.250 0.450 0.00 0.00
0.350 -0.250 0.500 0.00 0.00
0.350 -0.200 0.350 0.00 15.00
0.350 -0.200 0.400 0.00 10.00
0.350 -0.200 0.450 0.00 0.00
0.350 -0.200 0.500 0.00 0.00
0.350 -0.150 0.200 0.00 20.00
0.350 -0.150 0.250 -10.00 4.70
0.350 -0.150 0.300 -10.00 -0.26
0.350 -0.150 0.350 0.00 20.00
0.350 -0.150 0.400 0.00 10.00
0.350 -0.150 0.450 0.00 0.00
0.350 -0.150 0.500 0.00 -5.00
0.350 -0.100 0.200 0.00 20.00
0.350 -0.100 0.250 0.00 5.00
0.350 -0.100 0.300 0.00 0.00
0.350 -0.100 0.350 0.00 -15.00
0.350 -0.100 0.400 0.00 15.00
0.350 -0.100 0.450 0.00 0.00
0.350 -0.100 0.500 0.00 -5.00
0.350 -0.050 0.200 0.00 15.00
0.350 -0.050 0.250 0.00 5.00
0.350 -0.050 0.300 0.00 -0.00
0.350 -0.050 0.350 0.00 0.00
0.350 -0.050 0.400 0.00 -5.00
0.350 -0.050 0.450 0.00 5.00
0.350 -0.050 0.500 0.00 -10.00
0.350 -0.000 0.200 0.00 15.00
0.350 -0.000 0.250 0.00 5.00
0.350 -0.000 0.300 0.00 0.00
0.350 -0.000 0.350 0.00 0.00
0.350 -0.000 0.400 0.00 0.00
0.350 -0.000 0.450 0.00 0.00
0.350 -0.000 0.500 0.00 -10.00
0.350 0.050 0.200 0.00 15.00
0.350 0.050 0.250 0.00 5.00
0.350 0.050 0.300 0.00 0.00
0.350 0.050 0.350 0.00 0.00
0.350 0.050 0.400 0.00 0.00
0.350 0.050 0.450 0.00 0.00
0.350 0.050 0.500 0.00 -10.00
0.350 0.100 0.200 0.00 15.00
0.350 0.100 0.250 0.00 5.00
0.350 0.100 0.300 0.00 0.00
0.350 0.100 0.350 0.00 0.00
0.350 0.100 0.400 0.00 0.00
0.350 0.100 0.450 0.00 0.00
0.350 0.100 0.500 0.00 -5.00
0.350 0.150 0.200 0.00 20.00
0.350 0.150 0.250 0.00 10.00
0.350 0.150 0.300 0.00 0.00
0.350 0.150 0.350 0.00 0.00
0.350 0.150 0.400 0.00 0.00
0.350 0.150 0.450 0.00 0.00
0.350 0.150 0.500 0.00 -5.00
0.350 0.200 0.350 0.00 0.00
0.350 0.200 0.400 0.00 0.00
0.350 0.200 0.450 0.00 0.00
0.350 0.200 0.500 0.00 0.00
0.350 0.250 0.350 0.00 0.00
0.350 0.250 0.400 0.00 0.00
0.350 0.250 0.450 0.00 0.00
0.350 0.250 0.500 0.00 0.00
0.350 0.300 0.350 10.00 -0.21
0.350 0.300 0.400 10.00 -0.16
0.350 0.300 0.450 0.00 -5.00
0.350 0.300 0.500 20.00 -10.23
0.400 -0.300 0.400 -20.00 4.30
0.400 -0.300 0.450 -10.00 -10.11
0.400 -0.250 0.400 -20.00 9.29
0.400 -0.250 0.450 0.00 0.00
0.400 -0.250 0.500 -20.00 -5.25
0.400 -0.200 0.450 0.00 0.00
0.400 -0.200 0.500 0.00 0.00
0.400 -0.150 0.450 0.00 0.00
0.400 -0.150 0.500 0.00 0.00
0.400 -0.100 0.250 0.00 5.00
0.400 -0.100 0.300 0.00 0.00
0.400 -0.100 0.350 0.00 -10.00
0.400 -0.100 0.400 0.00 15.00
0.400 -0.100 0.450 0.00 0.00
0.400 -0.100 0.500 0.00 0.00
0.400 -0.050 0.250 0.00 0.00
0.400 -0.050 0.300 0.00 0.00
0.400 -0.050 0.350 0.00 0.00
0.400 -0.050 0.400 0.00 -5.00
0.400 -0.050 0.450 0.00 5.00
0.400 -0.050 0.500 0.00 0.00
0.400 -0.000 0.250 0.00 0.00
0.400 -0.000 0.300 0.00 0.00
0.400 -0.000 0.350 0.00 0.00
0.400 -0.000 0.400 0.00 0.00
0.400 -0.000 0.450 0.00 0.00
0.400 -0.000 0.500 0.00 0.00
0.400 0.050 0.200 0.00 20.00
0.400 0.050 0.250 0.00 0.00
0.400 0.050 0.300 0.00 0.00
0.400 0.050 0.350 0.00 0.00
0.400 0.050 0.400 0.00 0.00
0.400 0.050 0.450 0.00 0.00
0.400 0.050 0.500 0.00 10.00
0.400 0.100 0.200 0.00 20.00
0.400 0.100 0.250 0.00 5.00
0.400 0.100 0.300 0.00 0.00
0.400 0.100 0.350 0.00 0.00
0.400 0.100 0.400 0.00 0.00
0.400 0.100 0.450 0.00 0.00
0.400 0.100 0.500 0.00 -10.00
0.400 0.150 0.350 10.00 4.77
0.400 0.150 0.400 10.00 4.82
0.400 0.150 0.450 0.00 0.00
0.400 0.150 0.500 0.00 -5.00
0.400 0.200 0.400 10.00 9.83
0.400 0.200 0.450 0.00 0.00
0.400 0.200 0.500 0.00 -5.00
0.400 0.250 0.350 20.00 9.08
0.400 0.250 0.400 10.00 9.83
0.400 0.250 0.450 0.00 0.00
0.400 0.300 0.350 20.00 9.10
0.400 0.300 0.400 20.00 4.30
0.400 0.300 0.450 20.00 -5.47
0.450 -0.200 0.450 -10.00 4.87
0.450 -0.150 0.450 -10.00 9.87
0.450 -0.150 0.500 0.00 -5.00
0.450 -0.100 0.450 0.00 15.00
0.450 -0.100 0.500 0.00 0.00
0.450 -0.050 0.300 0.00 20.00
0.450 -0.050 0.400 0.00 15.00
0.450 -0.050 0.450 0.00 5.00
0.450 -0.050 0.500 0.00 0.00
0.450 -0.000 0.250 0.00 20.00
0.450 -0.000 0.300 0.00 15.00
0.450 -0.000 0.350 0.00 10.00
0.450 -0.000 0.400 0.00 10.00
0.450 -0.000 0.450 0.00 5.00
0.450 -0.000 0.500 0.00 0.00
0.450 0.050 0.250 0.00 20.00
0.450 0.050 0.300 0.00 15.00
0.450 0.050 0.350 0.00 15.00
0.450 0.050 0.400 0.00 5.00
0.450 0.050 0.450 0.00 0.00
0.450 0.050 0.500 0.00 0.00
0.450 0.100 0.350 10.00 9.75
0.450 0.100 0.400 0.00 15.00
0.450 0.100 0.500 0.00 5.00
0.450 0.150 0.500 0.00 -15.00
0.500 -0.000 0.500 0.00 -15.00
