# x y z dalpha_deg dbeta_deg (offsets relative to geometric ideal)
0.100 -0.250 0.150 -20.00 10.69
0.100 -0.250 0.200 -20.00 5.84
0.100 -0.250 0.250 -20.00 5.98
0.100 -0.200 0.150 0.00 20.00
0.100 -0.200 0.200 0.00 20.00
0.100 -0.200 0.250 -20.00 0.99
0.100 -0.200 0.300 -20.00 1.12
0.100 -0.150 0.150 0.00 15.00
0.100 -0.150 0.200 0.00 20.00
0.100 -0.150 0.250 -10.00 10.24
0.100 -0.150 0.300 -20.00 1.13
0.100 -0.150 0.350 -20.00 1.25
0.100 -0.100 0.150 0.00 10.00
0.100 -0.100 0.200 0.00 10.00
0.100 -0.100 0.250 0.00 20.00
0.100 -0.100 0.300 -10.00 10.27
0.100 -0.100 0.350 -20.00 1.25
0.100 -0.050 0.150 0.00 15.00
0.100 -0.050 0.200 0.00 5.00
0.100 -0.050 0.250 0.00 10.00
0.100 -0.050 0.300 0.00 20.00
0.100 -0.050 0.350 -10.00 0.30
0.100 -0.000 0.200 0.00 0.00
0.100 -0.000 0.250 0.00 0.00
0.100 -0.000 0.300 0.00 0.00
0.100 -0.000 0.350 0.00 0.00
0.100 -0.000 0.400 0.00 -15.00
0.100 0.050 0.150 0.00 15.00
0.100 0.050 0.200 0.00 5.00
0.100 0.050 0.250 10.00 -4.76
0.100 0.050 0.300 10.00 -9.73
0.100 0.050 0.350 20.00 11.26
0.100 0.100 0.150 0.00 10.00
0.100 0.100 0.200 10.00 5.21
0.100 0.100 0.250 10.00 0.24
0.100 0.100 0.300 20.00 -8.87
0.100 0.150 0.150 0.00 15.00
0.100 0.150 0.200 20.00 0.85
0.100 0.150 0.250 20.00 1.00
0.100 0.150 0.300 20.00 -3.87
0.100 0.200 0.150 10.00 10.17
0.100 0.200 0.200 20.00 5.85
0.100 0.200 0.250 20.00 0.99
0.100 0.250 0.150 20.00 10.69
0.100 0.250 0.200 20.00 5.84
0.150 -0.250 0.150 -10.00 10.17
0.150 -0.250 0.200 -10.00 5.21
0.150 -0.250 0.250 -10.00 5.25
0.150 -0.250 0.300 -20.00 1.15
0.150 -0.250 0.350 -20.00 1.27
0.150 -0.200 0.150 0.00 10.00
0.150 -0.200 0.200 0.00 10.00
0.150 -0.200 0.250 0.00 15.00
0.150 -0.200 0.300 -10.00 0.28
0.150 -0.200 0.350 -20.00 1.28
0.150 -0.150 0.150 0.00 5.00
0.150 -0.150 0.200 0.00 5.00
0.150 -0.150 0.250 0.00 0.00
0.150 -0.150 0.300 0.00 5.00
0.150 -0.150 0.350 -10.00 0.31
0.150 -0.100 0.150 0.00 5.00
0.150 -0.100 0.200 0.00 0.00
0.150 -0.100 0.250 0.00 0.00
0.150 -0.100 0.300 0.00 0.00
0.150 -0.100 0.350 0.00 0.00
0.150 -0.100 0.400 0.00 -20.00
0.150 -0.050 0.150 0.00 0.00
0.150 -0.050 0.200 0.00 10.00
0.150 -0.050 0.250 0.00 0.00
0.150 -0.050 0.300 0.00 0.00
0.150 -0.050 0.350 0.00 0.00
0.150 -0.050 0.400 0.00 -20.00
0.150 -0.000 0.150 0.00 10.00
0.150 -0.000 0.200 0.00 0.00
0.150 -0.000 0.250 0.00 0.00
0.150 -0.000 0.300 0.00 0.00
0.150 -0.000 0.350 0.00 0.00
0.150 -0.000 0.400 0.00 -15.00
0.150 0.050 0.150 0.00 0.00
0.150 0.050 0.200 0.00 0.00
0.150 0.050 0.250 0.00 0.00
0.150 0.050 0.300 0.00 -5.00
0.150 0.050 0.350 0.00 -15.00
0.150 0.100 0.150 0.00 5.00
0.150 0.100 0.200 0.00 0.00
0.150 0.100 0.250 0.00 0.00
0.150 0.100 0.300 0.00 -5.00
0.150 0.100 0.350 0.00 -15.00
0.150 0.100 0.400 0.00 -20.00
0.150 0.150 0.150 0.00 5.00
0.150 0.150 0.200 0.00 5.00
0.150 0.150 0.250 0.00 0.00
0.150 0.150 0.300 10.00 -4.72
0.150 0.150 0.350 10.00 -9.69
0.150 0.200 0.150 0.00 10.00
0.150 0.200 0.200 10.00 0.21
0.150 0.200 0.250 10.00 0.25
0.150 0.200 0.300 10.00 -4.72
0.150 0.200 0.350 20.00 -8.72
0.150 0.250 0.150 10.00 10.17
0.150 0.250 0.200 10.00 5.21
0.150 0.250 0.250 20.00 1.02
0.150 0.250 0.300 20.00 -3.85
0.150 0.250 0.350 20.00 -8.73
0.200 -0.250 0.150 -10.00 5.18
0.200 -0.250 0.200 0.00 10.00
0.200 -0.250 0.250 0.00 10.00
0.200 -0.250 0.300 -10.00 0.29
0.200 -0.250 0.350 -10.00 0.32
0.200 -0.200 0.150 0.00 15.00
0.200 -0.200 0.200 0.00 0.00
0.200 -0.200 0.250 0.00 0.00
0.200 -0.200 0.300 0.00 0.00
0.200 -0.200 0.350 -10.00 0.32
0.200 -0.150 0.150 0.00 10.00
0.200 -0.150 0.200 0.00 0.00
0.200 -0.150 0.250 0.00 0.00
0.200 -0.150 0.300 0.00 0.00
0.200 -0.150 0.350 0.00 0.00
0.200 -0.150 0.400 0.00 -20.00
0.200 -0.100 0.150 0.00 0.00
0.200 -0.100 0.200 0.00 -10.00
0.200 -0.100 0.250 0.00 0.00
0.200 -0.100 0.300 0.00 0.00
0.200 -0.100 0.350 0.00 0.00
0.200 -0.100 0.400 0.00 -20.00
0.200 -0.050 0.150 0.00 0.00
0.200 -0.050 0.200 0.00 0.00
0.200 -0.050 0.250 0.00 5.00
0.200 -0.050 0.300 0.00 0.00
0.200 -0.050 0.350 0.00 0.00
0.200 -0.050 0.400 0.00 -20.00
0.200 -0.000 0.150 0.00 0.00
0.200 -0.000 0.200 0.00 0.00
0.200 -0.000 0.250 0.00 0.00
0.200 -0.000 0.300 0.00 0.00
0.200 -0.000 0.350 0.00 0.00
0.200 -0.000 0.400 0.00 -15.00
0.200 0.050 0.150 0.00 0.00
0.200 0.050 0.200 0.00 0.00
0.200 0.050 0.250 0.00 0.00
0.200 0.050 0.300 0.00 -5.00
0.200 0.050 0.350 0.00 -15.00
0.200 0.100 0.150 0.00 0.00
0.200 0.100 0.200 0.00 0.00
0.200 0.100 0.250 0.00 0.00
0.200 0.100 0.300 0.00 -5.00
0.200 0.100 0.350 0.00 -10.00
0.200 0.100 0.400 0.00 -20.00
0.200 0.150 0.150 10.00 0.18
0.200 0.150 0.200 0.00 0.00
0.200 0.150 0.250 0.00 0.00
0.200 0.150 0.300 0.00 -5.00
0.200 0.150 0.350 0.00 -10.00
0.200 0.150 0.400 0.00 -20.00
0.200 0.200 0.150 10.00 5.18
0.200 0.200 0.200 0.00 0.00
0.200 0.200 0.250 0.00 0.00
0.200 0.200 0.300 0.00 -5.00
0.200 0.200 0.350 10.00 -9.68
0.200 0.250 0.150 10.00 5.18
0.200 0.250 0.200 10.00 0.22
0.200 0.250 0.250 10.00 0.26
0.200 0.250 0.300 10.00 -4.71
0.200 0.250 0.350 10.00 -9.68
0.250 -0.300 0.200 0.00 10.00
0.250 -0.300 0.250 0.00 15.00
0.250 -0.300 0.300 -10.00 0.30
0.250 -0.300 0.350 -10.00 -4.67
0.250 -0.300 0.400 -20.00 1.45
0.250 -0.250 0.200 0.00 0.00
0.250 -0.250 0.250 0.00 0.00
0.250 -0.250 0.300 0.00 0.00
0.250 -0.250 0.350 -10.00 0.33
0.250 -0.250 0.400 -10.00 0.36
0.250 -0.200 0.200 0.00 0.00
0.250 -0.200 0.250 0.00 0.00
0.250 -0.200 0.300 0.00 0.00
0.250 -0.200 0.350 0.00 0.00
0.250 -0.200 0.400 0.00 -15.00
0.250 -0.150 0.200 0.00 10.00
0.250 -0.150 0.250 0.00 0.00
0.250 -0.150 0.300 0.00 0.00
0.250 -0.150 0.350 0.00 0.00
0.250 -0.150 0.400 0.00 -15.00
0.250 -0.100 0.200 0.00 -5.00
0.250 -0.100 0.250 0.00 5.00
0.250 -0.100 0.300 0.00 0.00
0.250 -0.100 0.350 0.00 0.00
0.250 -0.100 0.400 0.00 -20.00
0.250 -0.050 0.200 0.00 0.00
0.250 -0.050 0.250 0.00 10.00
0.250 -0.050 0.300 0.00 0.00
0.250 -0.050 0.350 0.00 0.00
0.250 -0.050 0.400 0.00 -20.00
0.250 -0.000 0.200 0.00 0.00
0.250 -0.000 0.250 0.00 0.00
0.250 -0.000 0.300 0.00 0.00
0.250 -0.000 0.350 0.00 0.00
0.250 -0.000 0.400 0.00 -20.00
0.250 0.050 0.200 0.00 0.00
0.250 0.050 0.250 0.00 0.00
0.250 0.050 0.300 0.00 -5.00
0.250 0.050 0.350 0.00 15.00
0.250 0.100 0.200 0.00 0.00
0.250 0.100 0.250 0.00 0.00
0.250 0.100 0.300 0.00 0.00
0.250 0.100 0.350 0.00 -10.00
0.250 0.100 0.400 0.00 -20.00
0.250 0.150 0.200 0.00 0.00
0.250 0.150 0.250 0.00 0.00
0.250 0.150 0.300 0.00 -5.00
0.250 0.150 0.350 0.00 -10.00
0.250 0.150 0.400 0.00 -20.00
0.250 0.200 0.200 0.00 0.00
0.250 0.200 0.250 0.00 0.00
0.250 0.200 0.300 0.00 -5.00
0.250 0.200 0.350 0.00 -10.00
0.250 0.200 0.400 0.00 -20.00
0.250 0.250 0.200 0.00 0.00
0.250 0.250 0.250 0.00 0.00
0.250 0.250 0.300 10.00 -4.70
0.250 0.250 0.350 10.00 -9.67
0.250 0.300 0.200 10.00 0.23
0.250 0.300 0.250 10.00 0.26
0.250 0.300 0.300 10.00 -9.70
0.300 -0.300 0.200 0.00 0.00
0.300 -0.300 0.250 0.00 5.00
0.300 -0.300 0.300 -10.00 0.31
0.300 -0.300 0.350 -10.00 0.34
0.300 -0.300 0.400 -10.00 -9.64
0.300 -0.250 0.200 0.00 0.00
0.300 -0.250 0.250 0.00 0.00
0.300 -0.250 0.300 0.00 0.00
0.300 -0.250 0.350 0.00 0.00
0.300 -0.250 0.400 0.00 -15.00
0.300 -0.200 0.200 0.00 0.00
0.300 -0.200 0.250 0.00 0.00
0.300 -0.200 0.300 0.00 0.00
0.300 -0.200 0.350 0.00 0.00
0.300 -0.200 0.400 0.00 0.00
0.300 -0.150 0.200 0.00 10.00
0.300 -0.150 0.250 0.00 0.00
0.300 -0.150 0.300 0.00 0.00
0.300 -0.150 0.350 0.00 0.00
0.300 -0.150 0.400 0.00 0.00
0.300 -0.100 0.200 0.00 -5.00
0.300 -0.100 0.250 0.00 5.00
0.300 -0.100 0.300 0.00 0.00
0.300 -0.100 0.350 0.00 0.00
0.300 -0.100 0.400 0.00 -5.00
0.300 -0.050 0.200 0.00 0.00
0.300 -0.050 0.250 0.00 10.00
0.300 -0.050 0.300 0.00 0.00
0.300 -0.050 0.350 0.00 0.00
0.300 -0.050 0.400 0.00 0.00
0.300 -0.000 0.200 0.00 0.00
0.300 -0.000 0.250 0.00 0.00
0.300 -0.000 0.300 0.00 0.00
0.300 -0.000 0.350 0.00 0.00
0.300 -0.000 0.400 0.00 -5.00
0.300 0.050 0.200 0.00 0.00
0.300 0.050 0.250 0.00 0.00
0.300 0.050 0.300 0.00 0.00
0.300 0.050 0.350 0.00 15.00
0.300 0.050 0.400 10.00 -4.62
0.300 0.100 0.200 0.00 0.00
0.300 0.100 0.250 0.00 0.00
0.300 0.100 0.300 0.00 0.00
0.300 0.100 0.350 0.00 -10.00
0.300 0.100 0.400 20.00 -3.46
0.300 0.150 0.200 0.00 0.00
0.300 0.150 0.250 0.00 0.00
0.300 0.150 0.300 0.00 -5.00
0.300 0.150 0.350 0.00 -10.00
0.300 0.150 0.400 0.00 -20.00
0.300 0.200 0.200 0.00 0.00
0.300 0.200 0.250 0.00 0.00
0.300 0.200 0.300 0.00 -5.00
0.300 0.200 0.350 0.00 -15.00
0.300 0.200 0.400 0.00 -20.00
0.300 0.250 0.200 0.00 0.00
0.300 0.250 0.250 0.00 0.00
0.300 0.250 0.300 0.00 -10.00
0.300 0.250 0.350 0.00 -15.00
0.300 0.250 0.400 0.00 -20.00
0.300 0.300 0.200 0.00 0.00
0.300 0.300 0.250 10.00 0.28
0.300 0.300 0.300 10.00 -9.69
0.350 -0.300 0.200 0.00 -0.00
0.350 -0.300 0.250 0.00 0.00
0.350 -0.300 0.300 -10.00 0.32
0.350 -0.300 0.350 -10.00 0.35
0.350 -0.250 0.200 0.00 0.00
0.350 -0.250 0.250 0.00 0.00
0.350 -0.250 0.300 0.00 0.00
0.350 -0.250 0.350 0.00 0.00
0.350 -0.200 0.200 0.00 0.00
0.350 -0.200 0.250 0.00 0.00
0.350 -0.200 0.300 0.00 0.00
0.350 -0.200 0.350 0.00 0.00
0.350 -0.150 0.200 0.00 10.00
0.350 -0.150 0.250 0.00 0.00
0.350 -0.150 0.300 0.00 0.00
0.350 -0.150 0.350 0.00 0.00
0.350 -0.100 0.200 0.00 -5.00
0.350 -0.100 0.250 0.00 5.00
0.350 -0.100 0.300 0.00 0.00
0.350 -0.100 0.350 0.00 -0.00
0.350 -0.050 0.200 0.00 0.00
0.350 -0.050 0.250 0.00 10.00
0.350 -0.050 0.300 0.00 0.00
0.350 -0.050 0.350 0.00 0.00
0.350 -0.000 0.200 0.00 0.00
0.350 -0.000 0.250 0.00 0.00
0.350 -0.000 0.300 0.00 0.00
0.350 -0.000 0.350 0.00 0.00
0.350 0.050 0.200 0.00 0.00
0.350 0.050 0.250 0.00 0.00
0.350 0.050 0.300 0.00 -5.00
0.350 0.050 0.350 0.00 5.00
0.350 0.100 0.200 0.00 0.00
0.350 0.100 0.250 0.00 0.00
0.350 0.100 0.300 0.00 -5.00
0.350 0.100 0.350 0.00 -15.00
0.350 0.150 0.200 0.00 0.00
0.350 0.150 0.250 0.00 0.00
0.350 0.150 0.300 0.00 -5.00
0.350 0.150 0.350 0.00 -15.00
0.350 0.200 0.200 0.00 0.00
0.350 0.200 0.250 0.00 0.00
0.350 0.200 0.300 0.00 -5.00
0.350 0.200 0.350 0.00 -15.00
0.350 0.250 0.200 0.00 0.00
0.350 0.250 0.250 0.00 0.00
0.350 0.250 0.300 0.00 -10.00
0.350 0.250 0.350 0.00 -15.00
0.350 0.300 0.200 0.00 0.00
0.350 0.300 0.250 0.00 -5.00
0.350 0.300 0.300 10.00 -9.68
0.400 -0.300 0.200 0.00 0.00
0.400 -0.300 0.250 0.00 0.00
0.400 -0.300 0.300 0.00 -5.00
0.400 -0.250 0.200 0.00 0.00
0.400 -0.250 0.250 0.00 0.00
0.400 -0.250 0.300 0.00 0.00
0.400 -0.200 0.200 0.00 0.00
0.400 -0.200 0.250 0.00 0.00
0.400 -0.200 0.300 0.00 0.00
0.400 -0.150 0.200 0.00 5.00
0.400 -0.150 0.250 0.00 0.00
0.400 -0.150 0.300 0.00 0.00
0.400 -0.100 0.200 0.00 10.00
0.400 -0.100 0.250 0.00 0.00
0.400 -0.100 0.300 0.00 0.00
0.400 -0.050 0.200 0.00 0.00
0.400 -0.050 0.250 0.00 5.00
0.400 -0.050 0.300 0.00 0.00
0.400 -0.000 0.200 0.00 0.00
0.400 -0.000 0.250 0.00 0.00
0.400 -0.000 0.300 0.00 0.00
0.400 -0.000 0.350 0.00 -20.00
0.400 0.050 0.200 0.00 0.00
0.400 0.050 0.250 0.00 0.00
0.400 0.050 0.300 0.00 -5.00
0.400 0.050 0.350 0.00 -20.00
0.400 0.100 0.200 0.00 0.00
0.400 0.100 0.250 0.00 0.00
0.400 0.100 0.300 0.00 -5.00
0.400 0.150 0.200 0.00 0.00
0.400 0.150 0.250 0.00 0.00
0.400 0.150 0.300 0.00 -10.00
0.400 0.200 0.200 0.00 0.00
0.400 0.200 0.250 0.00 0.00
0.400 0.200 0.300 0.00 -10.00
0.400 0.250 0.200 0.00 0.00
0.400 0.250 0.250 0.00 -5.00
0.400 0.250 0.300 0.00 -15.00
0.400 0.300 0.200 0.00 0.00
0.400 0.300 0.250 0.00 -10.00
0.400 0.300 0.300 0.00 -15.00
0.450 -0.300 0.200 0.00 0.00
0.450 -0.300 0.250 0.00 0.00
0.450 -0.250 0.200 0.00 0.00
0.450 -0.250 0.250 0.00 0.00
0.450 -0.200 0.200 0.00 -0.00
0.450 -0.200 0.250 0.00 -0.00
0.450 -0.150 0.200 0.00 0.00
0.450 -0.150 0.250 0.00 0.00
0.450 -0.100 0.200 0.00 5.00
0.450 -0.100 0.250 0.00 0.00
0.450 -0.050 0.200 0.00 -5.00
0.450 -0.050 0.250 0.00 0.00
0.450 -0.000 0.200 0.00 0.00
0.450 -0.000 0.250 0.00 0.00
0.450 0.050 0.200 0.00 0.00
0.450 0.050 0.250 0.00 0.00
0.450 0.050 0.300 0.00 -20.00
0.450 0.100 0.200 0.00 0.00
0.450 0.100 0.250 0.00 0.00
0.450 0.150 0.200 0.00 0.00
0.450 0.150 0.250 0.00 -5.00
0.450 0.200 0.200 0.00 0.00
0.450 0.200 0.250 0.00 -5.00
0.450 0.250 0.200 0.00 0.00
0.450 0.250 0.250 0.00 -10.00
0.450 0.300 0.200 0.00 -5.00
0.450 0.300 0.250 0.00 -15.00
0.450 0.300 0.300 0.00 -20.00
0.500 -0.300 0.200 -10.00 -4.71
0.500 -0.250 0.200 0.00 0.00
0.500 -0.200 0.200 0.00 0.00
0.500 -0.150 0.200 0.00 0.00
0.500 -0.100 0.200 0.00 -0.00
0.500 -0.050 0.200 0.00 5.00
0.500 -0.000 0.200 0.00 0.00
0.500 -0.000 0.250 0.00 -20.00
0.500 0.050 0.200 0.00 0.00
0.500 0.050 0.250 0.00 -20.00
0.500 0.100 0.200 0.00 -0.00
0.500 0.150 0.200 0.00 0.00
0.500 0.200 0.200 0.00 -5.00
0.500 0.250 0.200 0.00 -10.00
0.500 0.300 0.200 20.00 -8.81
0.550 -0.050 0.200 0.00 -20.00
0.550 -0.000 0.200 0.00 -15.00
