# x y z dalpha_deg dbeta_deg (offsets relative to geometric ideal)
-0.100 -0.300 0.450 0.00 -30.00
-0.100 -0.250 0.450 -10.00 -20.00
-0.100 -0.200 0.450 0.00 -20.00
-0.100 -0.150 0.450 0.00 -10.00
-0.100 -0.100 0.450 0.00 -10.00
-0.100 -0.050 0.400 0.00 10.00
-0.100 -0.050 0.450 0.00 0.00
-0.100 -0.000 0.400 0.00 10.00
-0.100 -0.000 0.450 0.00 0.00
-0.100 0.050 0.400 0.00 10.00
-0.100 0.050 0.450 0.00 0.00
-0.100 0.100 0.450 0.00 -10.00
-0.100 0.150 0.450 0.00 -10.00
-0.100 0.200 0.450 0.00 -20.00
-0.100 0.250 0.450 10.00 -20.00
-0.100 0.300 0.450 0.00 -30.00
-0.050 -0.300 0.450 -20.00 -20.00
-0.050 -0.250 0.450 0.00 -20.00
-0.050 -0.200 0.450 0.00 -10.00
-0.050 -0.150 0.450 0.00 -10.00
-0.050 -0.100 0.400 0.00 0.00
-0.050 -0.100 0.450 0.00 0.00
-0.050 -0.050 0.350 -20.00 20.00
-0.050 -0.050 0.400 0.00 0.00
-0.050 -0.050 0.450 0.00 0.00
-0.050 -0.000 0.350 0.00 20.00
-0.050 -0.000 0.400 0.00 0.00
-0.050 -0.000 0.450 0.00 0.00
-0.050 0.050 0.350 20.00 20.00
-0.050 0.050 0.400 0.00 0.00
-0.050 0.050 0.450 0.00 0.00
-0.050 0.100 0.400 0.00 0.00
-0.050 0.100 0.450 0.00 0.00
-0.050 0.150 0.450 0.00 -10.00
-0.050 0.200 0.450 0.00 -10.00
-0.050 0.250 0.450 0.00 -20.00
-0.050 0.300 0.450 20.00 -20.00
0.000 -0.250 0.450 0.00 -20.00
0.000 -0.200 0.450 0.00 -10.00
0.000 -0.150 0.400 -10.00 0.00
0.000 -0.150 0.450 0.00 -10.00
0.000 -0.100 0.050 0.00 30.00
0.000 -0.100 0.400 0.00 0.00
0.000 -0.100 0.450 0.00 0.00
0.000 -0.050 0.350 0.00 10.00
0.000 -0.050 0.400 0.00 0.00
0.000 -0.050 0.450 0.00 0.00
0.000 -0.000 0.300 0.00 30.00
0.000 -0.000 0.350 0.00 0.00
0.000 -0.000 0.400 0.00 0.00
0.000 -0.000 0.450 0.00 0.00
0.000 0.050 0.350 0.00 10.00
0.000 0.050 0.400 0.00 0.00
0.000 0.050 0.450 0.00 0.00
0.000 0.100 0.350 20.00 10.00
0.000 0.100 0.400 0.00 0.00
0.000 0.100 0.450 0.00 0.00
0.000 0.150 0.400 10.00 0.00
0.000 0.150 0.450 0.00 -10.00
0.000 0.200 0.450 0.00 -10.00
0.000 0.250 0.450 0.00 -20.00
0.050 -0.200 0.450 0.00 -10.00
0.050 -0.150 0.450 0.00 -10.00
0.050 -0.100 0.400 0.00 -10.00
0.050 -0.100 0.450 0.00 -10.00
0.050 -0.050 0.250 -20.00 10.00
0.050 -0.050 0.300 -10.00 0.00
0.050 -0.050 0.350 0.00 0.00
0.050 -0.050 0.400 0.00 -10.00
0.050 -0.050 0.450 -10.00 -10.00
0.050 -0.000 0.200 0.00 30.00
0.050 -0.000 0.250 0.00 0.00
0.050 -0.000 0.300 0.00 0.00
0.050 -0.000 0.350 0.00 0.00
0.050 -0.000 0.400 0.00 0.00
0.050 -0.000 0.450 0.00 0.00
0.050 0.050 0.250 20.00 10.00
0.050 0.050 0.300 0.00 10.00
0.050 0.050 0.350 0.00 0.00
0.050 0.050 0.400 0.00 0.00
0.050 0.050 0.450 0.00 0.00
0.050 0.100 0.400 0.00 0.00
0.050 0.100 0.450 0.00 0.00
0.050 0.150 0.400 10.00 -10.00
0.050 0.150 0.450 0.00 -10.00
0.050 0.200 0.450 10.00 -20.00
0.100 -0.200 0.450 -30.00 0.00
0.100 -0.150 0.400 -30.00 0.00
0.100 -0.150 0.450 -30.00 0.00
0.100 -0.100 0.300 -20.00 20.00
0.100 -0.100 0.350 -20.00 10.00
0.100 -0.100 0.400 -20.00 0.00
0.100 -0.100 0.450 -20.00 0.00
0.100 -0.050 0.250 -10.00 20.00
0.100 -0.050 0.300 -10.00 10.00
0.100 -0.050 0.350 -10.00 10.00
0.100 -0.050 0.400 -10.00 0.00
0.100 -0.050 0.450 -10.00 0.00
0.100 -0.000 0.200 0.00 30.00
0.100 -0.000 0.250 0.00 0.00
0.100 -0.000 0.300 0.00 0.00
0.100 -0.000 0.350 0.00 0.00
0.100 -0.000 0.400 0.00 0.00
0.100 -0.000 0.450 0.00 0.00
0.100 0.050 0.250 20.00 0.00
0.100 0.050 0.300 10.00 0.00
0.100 0.050 0.350 10.00 0.00
0.100 0.050 0.400 10.00 0.00
0.100 0.050 0.450 10.00 0.00
0.100 0.100 0.250 20.00 20.00
0.100 0.100 0.300 20.00 10.00
0.100 0.100 0.350 20.00 0.00
0.100 0.100 0.400 20.00 0.00
0.100 0.100 0.450 20.00 0.00
0.100 0.150 0.350 30.00 0.00
0.100 0.150 0.400 30.00 0.00
0.100 0.150 0.450 30.00 0.00
0.150 -0.250 0.450 -30.00 0.00
0.150 -0.200 0.300 -20.00 20.00
0.150 -0.200 0.350 -20.00 10.00
0.150 -0.200 0.400 -20.00 10.00
0.150 -0.200 0.450 -20.00 0.00
0.150 -0.150 0.300 -20.00 20.00
0.150 -0.150 0.350 -10.00 20.00
0.150 -0.150 0.400 -20.00 10.00
0.150 -0.150 0.450 -10.00 0.00
0.150 -0.100 0.200 -20.00 20.00
0.150 -0.100 0.250 -20.00 10.00
0.150 -0.100 0.300 0.00 20.00
0.150 -0.100 0.350 0.00 10.00
0.150 -0.100 0.400 0.00 10.00
0.150 -0.100 0.450 0.00 0.00
0.150 -0.050 0.200 -10.00 20.00
0.150 -0.050 0.250 -10.00 0.00
0.150 -0.050 0.300 -10.00 -10.00
0.150 -0.050 0.350 0.00 10.00
0.150 -0.050 0.400 0.00 0.00
0.150 -0.050 0.450 0.00 0.00
0.150 -0.000 0.200 0.00 20.00
0.150 -0.000 0.250 0.00 0.00
0.150 -0.000 0.300 0.00 0.00
0.150 -0.000 0.350 0.00 0.00
0.150 -0.000 0.400 0.00 0.00
0.150 -0.000 0.450 0.00 0.00
0.150 0.050 0.200 10.00 20.00
0.150 0.050 0.250 0.00 10.00
0.150 0.050 0.300 0.00 0.00
0.150 0.050 0.350 0.00 0.00
0.150 0.050 0.400 0.00 0.00
0.150 0.050 0.450 0.00 0.00
0.150 0.100 0.250 10.00 20.00
0.150 0.100 0.300 10.00 0.00
0.150 0.100 0.350 0.00 10.00
0.150 0.100 0.400 0.00 0.00
0.150 0.100 0.450 0.00 0.00
0.150 0.150 0.250 20.00 20.00
0.150 0.150 0.300 10.00 20.00
0.150 0.150 0.350 20.00 0.00
0.150 0.150 0.400 20.00 0.00
0.150 0.150 0.450 10.00 0.00
0.150 0.200 0.300 20.00 20.00
0.150 0.200 0.350 20.00 10.00
0.150 0.200 0.400 20.00 0.00
0.150 0.200 0.450 20.00 0.00
0.150 0.250 0.400 30.00 0.00
0.150 0.250 0.450 30.00 0.00
0.200 -0.250 0.400 -20.00 10.00
0.200 -0.250 0.450 -20.00 0.00
0.200 -0.200 0.300 -10.00 20.00
0.200 -0.200 0.350 -10.00 20.00
0.200 -0.200 0.400 -10.00 10.00
0.200 -0.200 0.450 -10.00 0.00
0.200 -0.150 0.250 0.00 30.00
0.200 -0.150 0.300 0.00 20.00
0.200 -0.150 0.350 0.00 20.00
0.200 -0.150 0.400 0.00 10.00
0.200 -0.150 0.450 0.00 0.00
0.200 -0.100 0.200 -20.00 20.00
0.200 -0.100 0.250 -10.00 10.00
0.200 -0.100 0.300 -20.00 0.00
0.200 -0.100 0.350 10.00 10.00
0.200 -0.100 0.400 0.00 10.00
0.200 -0.100 0.450 0.00 0.00
0.200 -0.050 0.200 -10.00 20.00
0.200 -0.050 0.250 0.00 10.00
0.200 -0.050 0.300 0.00 0.00
0.200 -0.050 0.350 -10.00 0.00
0.200 -0.050 0.400 0.00 10.00
0.200 -0.050 0.450 0.00 0.00
0.200 -0.000 0.200 0.00 20.00
0.200 -0.000 0.250 0.00 10.00
0.200 -0.000 0.300 0.00 0.00
0.200 -0.000 0.350 0.00 0.00
0.200 -0.000 0.400 0.00 0.00
0.200 -0.000 0.450 0.00 0.00
0.200 0.050 0.200 10.00 20.00
0.200 0.050 0.250 0.00 10.00
0.200 0.050 0.300 0.00 0.00
0.200 0.050 0.350 0.00 0.00
0.200 0.050 0.400 0.00 0.00
0.200 0.050 0.450 0.00 0.00
0.200 0.100 0.200 20.00 20.00
0.200 0.100 0.250 10.00 10.00
0.200 0.100 0.300 0.00 10.00
0.200 0.100 0.350 0.00 0.00
0.200 0.100 0.400 0.00 0.00
0.200 0.100 0.450 0.00 0.00
0.200 0.150 0.250 10.00 20.00
0.200 0.150 0.300 10.00 10.00
0.200 0.150 0.350 10.00 0.00
0.200 0.150 0.400 0.00 10.00
0.200 0.150 0.450 0.00 0.00
0.200 0.200 0.250 20.00 20.00
0.200 0.200 0.300 10.00 20.00
0.200 0.200 0.350 20.00 0.00
0.200 0.200 0.400 10.00 10.00
0.200 0.200 0.450 10.00 0.00
0.200 0.250 0.300 20.00 20.00
0.200 0.250 0.350 20.00 10.00
0.200 0.250 0.400 20.00 0.00
0.200 0.250 0.450 20.00 0.00
0.250 -0.250 0.350 -10.00 20.00
0.250 -0.250 0.400 -20.00 10.00
0.250 -0.250 0.450 -20.00 0.00
0.250 -0.200 0.300 0.00 30.00
0.250 -0.200 0.350 -10.00 20.00
0.250 -0.200 0.400 -10.00 10.00
0.250 -0.200 0.450 -10.00 0.00
0.250 -0.150 0.250 -20.00 10.00
0.250 -0.150 0.300 -20.00 0.00
0.250 -0.150 0.350 0.00 20.00
0.250 -0.150 0.400 0.00 10.00
0.250 -0.150 0.450 0.00 0.00
0.250 -0.100 0.200 0.00 30.00
0.250 -0.100 0.250 -10.00 10.00
0.250 -0.100 0.300 -10.00 0.00
0.250 -0.100 0.350 0.00 20.00
0.250 -0.100 0.400 0.00 10.00
0.250 -0.100 0.450 0.00 0.00
0.250 -0.050 0.200 -10.00 20.00
0.250 -0.050 0.250 0.00 10.00
0.250 -0.050 0.300 0.00 0.00
0.250 -0.050 0.350 0.00 -10.00
0.250 -0.050 0.400 0.00 10.00
0.250 -0.050 0.450 0.00 0.00
0.250 -0.000 0.200 0.00 30.00
0.250 -0.000 0.250 0.00 10.00
0.250 -0.000 0.300 0.00 0.00
0.250 -0.000 0.350 0.00 0.00
0.250 -0.000 0.400 0.00 0.00
0.250 -0.000 0.450 0.00 0.00
0.250 0.050 0.200 10.00 20.00
0.250 0.050 0.250 0.00 10.00
0.250 0.050 0.300 0.00 0.00
0.250 0.050 0.350 0.00 0.00
0.250 0.050 0.400 0.00 0.00
0.250 0.050 0.450 0.00 0.00
0.250 0.100 0.200 20.00 20.00
0.250 0.100 0.250 10.00 10.00
0.250 0.100 0.300 0.00 0.00
0.250 0.100 0.350 0.00 0.00
0.250 0.100 0.400 0.00 0.00
0.250 0.100 0.450 0.00 0.00
0.250 0.150 0.200 0.00 30.00
0.250 0.150 0.250 10.00 20.00
0.250 0.150 0.300 10.00 10.00
0.250 0.150 0.350 0.00 0.00
0.250 0.150 0.400 0.00 0.00
0.250 0.150 0.450 0.00 0.00
0.250 0.200 0.250 20.00 20.00
0.250 0.200 0.300 20.00 0.00
0.250 0.200 0.350 10.00 0.00
0.250 0.200 0.400 10.00 0.00
0.250 0.200 0.450 10.00 0.00
0.250 0.250 0.250 20.00 20.00
0.250 0.250 0.300 20.00 10.00
0.250 0.250 0.350 20.00 0.00
0.250 0.250 0.400 20.00 0.00
0.250 0.250 0.450 0.00 -20.00
0.250 0.300 0.300 20.00 20.00
0.250 0.300 0.350 20.00 20.00
0.250 0.300 0.400 20.00 10.00
0.250 0.300 0.450 20.00 0.00
0.300 -0.300 0.300 -20.00 20.00
0.300 -0.300 0.350 -20.00 10.00
0.300 -0.300 0.400 -20.00 10.00
0.300 -0.300 0.450 -20.00 0.00
0.300 -0.250 0.300 -10.00 20.00
0.300 -0.250 0.350 -10.00 20.00
0.300 -0.250 0.400 -10.00 10.00
0.300 -0.250 0.450 -10.00 0.00
0.300 -0.200 0.250 0.00 30.00
0.300 -0.200 0.300 0.00 20.00
0.300 -0.200 0.350 0.00 20.00
0.300 -0.200 0.400 0.00 10.00
0.300 -0.200 0.450 0.00 0.00
0.300 -0.150 0.200 -20.00 20.00
0.300 -0.150 0.250 -20.00 10.00
0.300 -0.150 0.300 -20.00 0.00
0.300 -0.150 0.350 0.00 20.00
0.300 -0.150 0.400 0.00 10.00
0.300 -0.150 0.450 0.00 0.00
0.300 -0.100 0.200 -20.00 20.00
0.300 -0.100 0.250 -10.00 10.00
0.300 -0.100 0.300 -10.00 0.00
0.300 -0.100 0.350 -10.00 -10.00
0.300 -0.100 0.400 0.00 10.00
0.300 -0.100 0.450 0.00 0.00
0.300 -0.050 0.200 -20.00 20.00
0.300 -0.050 0.250 0.00 10.00
0.300 -0.050 0.300 0.00 0.00
0.300 -0.050 0.350 0.00 0.00
0.300 -0.050 0.400 -10.00 0.00
0.300 -0.050 0.450 0.00 0.00
0.300 -0.000 0.200 0.00 20.00
0.300 -0.000 0.250 0.00 10.00
0.300 -0.000 0.300 0.00 0.00
0.300 -0.000 0.350 0.00 0.00
0.300 -0.000 0.400 0.00 0.00
0.300 -0.000 0.450 0.00 0.00
0.300 -0.000 0.500 0.00 -30.00
0.300 0.050 0.200 10.00 20.00
0.300 0.050 0.250 0.00 10.00
0.300 0.050 0.300 0.00 0.00
0.300 0.050 0.350 0.00 0.00
0.300 0.050 0.400 0.00 0.00
0.300 0.050 0.450 0.00 0.00
0.300 0.100 0.200 20.00 20.00
0.300 0.100 0.250 10.00 10.00
0.300 0.100 0.300 0.00 0.00
0.300 0.100 0.350 0.00 0.00
0.300 0.100 0.400 0.00 0.00
0.300 0.100 0.450 0.00 0.00
0.300 0.150 0.200 20.00 20.00
0.300 0.150 0.250 0.00 20.00
0.300 0.150 0.300 0.00 10.00
0.300 0.150 0.350 0.00 0.00
0.300 0.150 0.400 0.00 0.00
0.300 0.150 0.450 0.00 0.00
0.300 0.150 0.500 0.00 -30.00
0.300 0.200 0.250 10.00 20.00
0.300 0.200 0.300 10.00 10.00
0.300 0.200 0.350 0.00 10.00
0.300 0.200 0.400 0.00 0.00
0.300 0.200 0.450 0.00 0.00
0.300 0.200 0.500 0.00 -30.00
0.300 0.250 0.250 20.00 20.00
0.300 0.250 0.300 10.00 20.00
0.300 0.250 0.350 10.00 10.00
0.300 0.250 0.400 10.00 0.00
0.300 0.250 0.450 10.00 0.00
0.300 0.300 0.250 20.00 20.00
0.300 0.300 0.300 20.00 20.00
0.300 0.300 0.350 20.00 0.00
0.300 0.300 0.400 20.00 0.00
0.300 0.300 0.450 20.00 0.00
0.350 -0.300 0.300 -20.00 20.00
0.350 -0.300 0.350 -20.00 10.00
0.350 -0.300 0.400 -20.00 0.00
0.350 -0.300 0.450 -10.00 -10.00
0.350 -0.300 0.500 -20.00 -20.00
0.350 -0.250 0.300 -10.00 20.00
0.350 -0.250 0.350 -10.00 20.00
0.350 -0.250 0.400 -10.00 10.00
0.350 -0.250 0.450 -10.00 0.00
0.350 -0.200 0.200 -20.00 20.00
0.350 -0.200 0.300 0.00 30.00
0.350 -0.200 0.350 0.00 20.00
0.350 -0.200 0.400 0.00 10.00
0.350 -0.200 0.450 0.00 0.00
0.350 -0.150 0.200 -20.00 20.00
0.350 -0.150 0.250 -10.00 10.00
0.350 -0.150 0.300 -20.00 0.00
0.350 -0.150 0.350 0.00 20.00
0.350 -0.150 0.400 0.00 10.00
0.350 -0.150 0.450 0.00 0.00
0.350 -0.100 0.200 -10.00 20.00
0.350 -0.100 0.250 0.00 10.00
0.350 -0.100 0.300 0.00 0.00
0.350 -0.100 0.350 -10.00 0.00
0.350 -0.100 0.400 10.00 10.00
0.350 -0.100 0.450 0.00 0.00
0.350 -0.050 0.200 0.00 20.00
0.350 -0.050 0.250 0.00 10.00
0.350 -0.050 0.300 0.00 0.00
0.350 -0.050 0.350 0.00 0.00
0.350 -0.050 0.400 0.00 -10.00
0.350 -0.050 0.450 0.00 0.00
0.350 -0.050 0.500 -10.00 -20.00
0.350 -0.000 0.200 0.00 20.00
0.350 -0.000 0.250 0.00 10.00
0.350 -0.000 0.300 0.00 0.00
0.350 -0.000 0.350 0.00 0.00
0.350 -0.000 0.400 0.00 0.00
0.350 -0.000 0.450 0.00 0.00
0.350 -0.000 0.500 0.00 -20.00
0.350 0.050 0.200 0.00 20.00
0.350 0.050 0.250 0.00 10.00
0.350 0.050 0.300 0.00 0.00
0.350 0.050 0.350 0.00 0.00
0.350 0.050 0.400 0.00 0.00
0.350 0.050 0.450 0.00 0.00
0.350 0.050 0.500 -20.00 -20.00
0.350 0.100 0.200 10.00 20.00
0.350 0.100 0.250 0.00 10.00
0.350 0.100 0.300 0.00 0.00
0.350 0.100 0.350 0.00 0.00
0.350 0.100 0.400 0.00 0.00
0.350 0.100 0.450 0.00 0.00
0.350 0.100 0.500 0.00 -20.00
0.350 0.150 0.200 10.00 20.00
0.350 0.150 0.250 10.00 10.00
0.350 0.150 0.300 0.00 10.00
0.350 0.150 0.350 0.00 0.00
0.350 0.150 0.400 0.00 0.00
0.350 0.150 0.450 0.00 0.00
0.350 0.150 0.500 0.00 -20.00
0.350 0.200 0.200 20.00 20.00
0.350 0.200 0.250 10.00 20.00
0.350 0.200 0.300 10.00 10.00
0.350 0.200 0.350 0.00 0.00
0.350 0.200 0.400 0.00 0.00
0.350 0.200 0.450 0.00 0.00
0.350 0.200 0.500 0.00 -20.00
0.350 0.250 0.200 20.00 20.00
0.350 0.250 0.250 10.00 20.00
0.350 0.250 0.300 10.00 10.00
0.350 0.250 0.350 10.00 0.00
0.350 0.250 0.400 10.00 0.00
0.350 0.250 0.450 10.00 0.00
0.350 0.250 0.500 0.00 -20.00
0.350 0.300 0.250 20.00 20.00
0.350 0.300 0.300 20.00 10.00
0.350 0.300 0.350 20.00 0.00
0.350 0.300 0.400 0.00 -10.00
0.350 0.300 0.450 10.00 -10.00
0.350 0.300 0.500 20.00 -20.00
0.400 -0.300 0.300 -20.00 20.00
0.400 -0.300 0.350 -20.00 10.00
0.400 -0.300 0.400 -10.00 0.00
0.400 -0.250 0.300 -10.00 20.00
0.400 -0.250 0.350 -10.00 20.00
0.400 -0.250 0.400 -10.00 10.00
0.400 -0.250 0.450 0.00 -10.00
0.400 -0.250 0.500 -20.00 -20.00
0.400 -0.200 0.200 -20.00 20.00
0.400 -0.200 0.300 0.00 30.00
0.400 -0.200 0.350 0.00 20.00
0.400 -0.200 0.400 0.00 10.00
0.400 -0.200 0.450 0.00 0.00
0.400 -0.200 0.500 0.00 -10.00
0.400 -0.150 0.200 -10.00 20.00
0.400 -0.150 0.250 -10.00 10.00
0.400 -0.150 0.300 -20.00 0.00
0.400 -0.150 0.350 0.00 20.00
0.400 -0.150 0.400 0.00 10.00
0.400 -0.150 0.450 0.00 0.00
0.400 -0.150 0.500 0.00 0.00
0.400 -0.150 0.550 0.00 -30.00
0.400 -0.100 0.200 0.00 20.00
0.400 -0.100 0.250 0.00 10.00
0.400 -0.100 0.300 0.00 0.00
0.400 -0.100 0.350 -10.00 0.00
0.400 -0.100 0.400 0.00 10.00
0.400 -0.100 0.450 0.00 0.00
0.400 -0.100 0.500 0.00 -10.00
0.400 -0.050 0.150 0.00 30.00
0.400 -0.050 0.200 0.00 20.00
0.400 -0.050 0.250 0.00 10.00
0.400 -0.050 0.300 0.00 0.00
0.400 -0.050 0.350 0.00 0.00
0.400 -0.050 0.400 0.00 -10.00
0.400 -0.050 0.450 0.00 0.00
0.400 -0.050 0.500 0.00 -10.00
0.400 -0.000 0.150 0.00 30.00
0.400 -0.000 0.200 0.00 20.00
0.400 -0.000 0.250 0.00 10.00
0.400 -0.000 0.300 0.00 0.00
0.400 -0.000 0.350 0.00 0.00
0.400 -0.000 0.400 0.00 0.00
0.400 -0.000 0.450 0.00 0.00
0.400 -0.000 0.500 0.00 -10.00
0.400 0.050 0.150 0.00 30.00
0.400 0.050 0.200 0.00 20.00
0.400 0.050 0.250 0.00 10.00
0.400 0.050 0.300 0.00 0.00
0.400 0.050 0.350 0.00 0.00
0.400 0.050 0.400 0.00 0.00
0.400 0.050 0.450 0.00 0.00
0.400 0.050 0.500 -10.00 -10.00
0.400 0.100 0.200 0.00 20.00
0.400 0.100 0.250 0.00 10.00
0.400 0.100 0.300 0.00 0.00
0.400 0.100 0.350 0.00 0.00
0.400 0.100 0.400 0.00 0.00
0.400 0.100 0.450 0.00 0.00
0.400 0.100 0.500 0.00 -10.00
0.400 0.150 0.200 10.00 20.00
0.400 0.150 0.250 10.00 10.00
0.400 0.150 0.300 0.00 0.00
0.400 0.150 0.350 0.00 0.00
0.400 0.150 0.400 0.00 0.00
0.400 0.150 0.450 0.00 0.00
0.400 0.150 0.500 0.00 -10.00
0.400 0.150 0.550 0.00 -30.00
0.400 0.200 0.200 20.00 20.00
0.400 0.200 0.250 10.00 10.00
0.400 0.200 0.300 0.00 10.00
0.400 0.200 0.350 0.00 0.00
0.400 0.200 0.400 0.00 0.00
0.400 0.200 0.450 0.00 0.00
0.400 0.200 0.500 0.00 -10.00
0.400 0.250 0.200 20.00 20.00
0.400 0.250 0.250 10.00 20.00
0.400 0.250 0.300 10.00 10.00
0.400 0.250 0.350 10.00 0.00
0.400 0.250 0.400 0.00 0.00
0.400 0.250 0.450 0.00 -10.00
0.400 0.250 0.500 20.00 -20.00
0.400 0.300 0.200 20.00 20.00
0.400 0.300 0.250 20.00 10.00
0.400 0.300 0.300 20.00 0.00
0.400 0.300 0.350 10.00 10.00
0.400 0.300 0.400 10.00 0.00
0.400 0.300 0.450 20.00 -20.00
0.450 -0.300 0.300 -10.00 20.00
0.450 -0.300 0.350 -20.00 10.00
0.450 -0.250 0.250 0.00 30.00
0.450 -0.250 0.300 -10.00 20.00
0.450 -0.250 0.350 0.00 10.00
0.450 -0.250 0.400 -10.00 0.00
0.450 -0.250 0.450 -20.00 -20.00
0.450 -0.200 0.250 -30.00 0.00
0.450 -0.200 0.300 0.00 30.00
0.450 -0.200 0.350 0.00 20.00
0.450 -0.200 0.400 0.00 0.00
0.450 -0.200 0.450 0.00 -10.00
0.450 -0.150 0.200 -10.00 20.00
0.450 -0.150 0.250 -20.00 10.00
0.450 -0.150 0.300 -20.00 0.00
0.450 -0.150 0.350 0.00 20.00
0.450 -0.150 0.400 0.00 10.00
0.450 -0.150 0.450 0.00 0.00
0.450 -0.150 0.500 -10.00 -10.00
0.450 -0.100 0.150 0.00 30.00
0.450 -0.100 0.200 0.00 20.00
0.450 -0.100 0.250 0.00 10.00
0.450 -0.100 0.300 -10.00 0.00
0.450 -0.100 0.350 -10.00 0.00
0.450 -0.100 0.400 0.00 10.00
0.450 -0.100 0.450 0.00 0.00
0.450 -0.100 0.500 0.00 0.00
0.450 -0.050 0.150 0.00 30.00
0.450 -0.050 0.200 0.00 20.00
0.450 -0.050 0.250 0.00 10.00
0.450 -0.050 0.300 0.00 0.00
0.450 -0.050 0.350 0.00 0.00
0.450 -0.050 0.400 0.00 -10.00
0.450 -0.050 0.450 0.00 0.00
0.450 -0.050 0.500 0.00 0.00
0.450 -0.050 0.550 0.00 -30.00
0.450 -0.000 0.150 0.00 30.00
0.450 -0.000 0.200 0.00 20.00
0.450 -0.000 0.250 0.00 10.00
0.450 -0.000 0.300 0.00 0.00
0.450 -0.000 0.350 0.00 0.00
0.450 -0.000 0.400 0.00 0.00
0.450 -0.000 0.450 0.00 0.00
0.450 -0.000 0.500 0.00 0.00
0.450 -0.000 0.550 0.00 -30.00
0.450 0.050 0.150 0.00 30.00
0.450 0.050 0.200 0.00 20.00
0.450 0.050 0.250 0.00 10.00
0.450 0.050 0.300 0.00 0.00
0.450 0.050 0.350 0.00 0.00
0.450 0.050 0.400 0.00 0.00
0.450 0.050 0.450 0.00 0.00
0.450 0.050 0.500 0.00 0.00
0.450 0.100 0.150 0.00 30.00
0.450 0.100 0.200 0.00 20.00
0.450 0.100 0.250 0.00 10.00
0.450 0.100 0.300 0.00 0.00
0.450 0.100 0.350 0.00 0.00
0.450 0.100 0.400 0.00 0.00
0.450 0.100 0.450 0.00 0.00
0.450 0.100 0.500 10.00 0.00
0.450 0.150 0.150 0.00 30.00
0.450 0.150 0.200 10.00 20.00
0.450 0.150 0.250 0.00 10.00
0.450 0.150 0.300 0.00 0.00
0.450 0.150 0.350 0.00 0.00
0.450 0.150 0.400 0.00 0.00
0.450 0.150 0.450 0.00 0.00
0.450 0.150 0.500 0.00 -20.00
0.450 0.200 0.200 10.00 20.00
0.450 0.200 0.250 10.00 10.00
0.450 0.200 0.300 0.00 10.00
0.450 0.200 0.350 0.00 0.00
0.450 0.200 0.400 0.00 0.00
0.450 0.200 0.450 0.00 -10.00
0.450 0.250 0.200 20.00 20.00
0.450 0.250 0.250 10.00 20.00
0.450 0.250 0.300 10.00 0.00
0.450 0.250 0.350 0.00 0.00
0.450 0.250 0.400 0.00 -10.00
0.450 0.250 0.450 20.00 -20.00
0.450 0.300 0.200 20.00 20.00
0.450 0.300 0.250 20.00 10.00
0.450 0.300 0.300 10.00 10.00
0.450 0.300 0.350 20.00 0.00
0.500 -0.250 0.250 0.00 20.00
0.500 -0.250 0.300 -10.00 20.00
0.500 -0.250 0.350 -20.00 0.00
0.500 -0.200 0.250 0.00 30.00
0.500 -0.200 0.300 0.00 20.00
0.500 -0.200 0.350 0.00 10.00
0.500 -0.200 0.400 -10.00 -10.00
0.500 -0.150 0.150 -20.00 20.00
0.500 -0.150 0.200 -20.00 10.00
0.500 -0.150 0.250 -20.00 0.00
0.500 -0.150 0.300 -20.00 0.00
0.500 -0.150 0.350 0.00 20.00
0.500 -0.150 0.400 0.00 0.00
0.500 -0.150 0.450 -20.00 -10.00
0.500 -0.100 0.150 -20.00 20.00
0.500 -0.100 0.200 0.00 20.00
0.500 -0.100 0.250 -10.00 0.00
0.500 -0.100 0.300 -10.00 0.00
0.500 -0.100 0.350 -10.00 -10.00
0.500 -0.100 0.400 0.00 10.00
0.500 -0.100 0.450 0.00 0.00
0.500 -0.050 0.150 0.00 30.00
0.500 -0.050 0.200 0.00 20.00
0.500 -0.050 0.250 0.00 0.00
0.500 -0.050 0.300 0.00 0.00
0.500 -0.050 0.350 0.00 0.00
0.500 -0.050 0.400 0.00 10.00
0.500 -0.050 0.450 0.00 0.00
0.500 -0.000 0.150 0.00 30.00
0.500 -0.000 0.200 0.00 20.00
0.500 -0.000 0.250 0.00 0.00
0.500 -0.000 0.300 0.00 0.00
0.500 -0.000 0.350 0.00 0.00
0.500 -0.000 0.400 0.00 0.00
0.500 -0.000 0.450 0.00 0.00
0.500 -0.000 0.500 0.00 -20.00
0.500 0.050 0.150 0.00 30.00
0.500 0.050 0.200 0.00 20.00
0.500 0.050 0.250 0.00 0.00
0.500 0.050 0.300 0.00 0.00
0.500 0.050 0.350 0.00 0.00
0.500 0.050 0.400 0.00 0.00
0.500 0.050 0.450 0.00 -10.00
0.500 0.100 0.150 20.00 20.00
0.500 0.100 0.200 0.00 20.00
0.500 0.100 0.250 0.00 10.00
0.500 0.100 0.300 0.00 0.00
0.500 0.100 0.350 0.00 0.00
0.500 0.100 0.400 0.00 0.00
0.500 0.100 0.450 0.00 -10.00
0.500 0.150 0.150 20.00 20.00
0.500 0.150 0.200 0.00 20.00
0.500 0.150 0.250 0.00 10.00
0.500 0.150 0.300 0.00 0.00
0.500 0.150 0.350 0.00 0.00
0.500 0.150 0.400 0.00 0.00
0.500 0.150 0.450 10.00 -20.00
0.500 0.200 0.150 20.00 20.00
0.500 0.200 0.200 10.00 20.00
0.500 0.200 0.250 0.00 10.00
0.500 0.200 0.300 0.00 0.00
0.500 0.200 0.350 0.00 0.00
0.500 0.200 0.400 10.00 0.00
0.500 0.250 0.150 20.00 20.00
0.500 0.250 0.200 10.00 20.00
0.500 0.250 0.250 10.00 0.00
0.500 0.250 0.300 10.00 0.00
0.500 0.250 0.350 20.00 0.00
0.500 0.300 0.150 20.00 10.00
0.500 0.300 0.200 20.00 0.00
0.500 0.300 0.250 30.00 0.00
0.550 -0.200 0.100 -30.00 0.00
0.550 -0.200 0.150 -30.00 0.00
0.550 -0.200 0.200 -30.00 0.00
0.550 -0.150 0.100 -20.00 20.00
0.550 -0.150 0.150 -20.00 10.00
0.550 -0.150 0.200 -20.00 0.00
0.550 -0.150 0.250 -20.00 0.00
0.550 -0.150 0.300 0.00 20.00
0.550 -0.150 0.350 -10.00 10.00
0.550 -0.100 0.100 0.00 30.00
0.550 -0.100 0.150 0.00 20.00
0.550 -0.100 0.200 -10.00 10.00
0.550 -0.100 0.250 -10.00 0.00
0.550 -0.100 0.300 -10.00 0.00
0.550 -0.100 0.350 10.00 10.00
0.550 -0.100 0.400 -10.00 0.00
0.550 -0.050 0.100 0.00 30.00
0.550 -0.050 0.150 0.00 20.00
0.550 -0.050 0.200 0.00 10.00
0.550 -0.050 0.250 0.00 0.00
0.550 -0.050 0.300 0.00 0.00
0.550 -0.050 0.350 0.00 -10.00
0.550 -0.050 0.400 0.00 0.00
0.550 -0.000 0.100 0.00 30.00
0.550 -0.000 0.150 0.00 20.00
0.550 -0.000 0.200 0.00 10.00
0.550 -0.000 0.250 0.00 0.00
0.550 -0.000 0.300 0.00 0.00
0.550 -0.000 0.350 0.00 0.00
0.550 -0.000 0.400 0.00 0.00
0.550 0.050 0.100 0.00 30.00
0.550 0.050 0.150 0.00 20.00
0.550 0.050 0.200 0.00 10.00
0.550 0.050 0.250 0.00 0.00
0.550 0.050 0.300 0.00 0.00
0.550 0.050 0.350 0.00 0.00
0.550 0.050 0.400 0.00 0.00
0.550 0.100 0.100 0.00 30.00
0.550 0.100 0.150 0.00 20.00
0.550 0.100 0.200 0.00 10.00
0.550 0.100 0.250 0.00 0.00
0.550 0.100 0.300 0.00 0.00
0.550 0.100 0.350 0.00 0.00
0.550 0.100 0.400 10.00 -10.00
0.550 0.150 0.100 20.00 20.00
0.550 0.150 0.150 0.00 20.00
0.550 0.150 0.200 0.00 10.00
0.550 0.150 0.250 0.00 0.00
0.550 0.150 0.300 0.00 0.00
0.550 0.150 0.350 10.00 0.00
0.550 0.200 0.050 20.00 20.00
0.550 0.200 0.100 10.00 20.00
0.550 0.200 0.150 10.00 10.00
0.550 0.200 0.200 10.00 0.00
0.550 0.200 0.250 10.00 0.00
0.550 0.200 0.300 20.00 0.00
0.600 -0.100 0.150 -20.00 20.00
0.600 -0.100 0.200 -20.00 10.00
0.600 -0.100 0.250 -20.00 20.00
0.600 -0.050 0.100 0.00 20.00
0.600 -0.050 0.150 -10.00 10.00
0.600 -0.050 0.200 0.00 10.00
0.600 -0.050 0.250 0.00 10.00
0.600 -0.050 0.300 -10.00 20.00
0.600 -0.000 0.050 0.00 30.00
0.600 -0.000 0.100 0.00 20.00
0.600 -0.000 0.150 0.00 10.00
0.600 -0.000 0.200 0.00 10.00
0.600 -0.000 0.250 0.00 0.00
0.600 -0.000 0.300 0.00 10.00
0.600 0.050 0.100 0.00 20.00
0.600 0.050 0.150 0.00 10.00
0.600 0.050 0.200 0.00 10.00
0.600 0.050 0.250 0.00 10.00
0.600 0.050 0.300 10.00 10.00
0.600 0.100 0.150 10.00 20.00
0.600 0.100 0.200 10.00 20.00
0.600 0.100 0.250 10.00 20.00
